3.141592653589734207668454967210374503549070741564543152502813699901880961415224
95643002911378687683717975589321758654123936293837726893750646844690632832252638
89962883972193685623312605125763725077786606287413884297707114494156317217766106
43803431751960316357445826277555080730588348514163721244665358936033044201141000
70291483836762447984739571991377729408250158721820828429666453194371090148099210
67999425728129179201577043157538933146206557111106249213514770744341610397055322
96490149527226035458142318498929378067873945164280854191364895923100820676294580
14809038977492596465032452308588019149491299719382878403750287220960206959686553
11220975336362424709860255188465523524911910037988425546194582859538262355584706
10230201620332414015856410719237803924643792092877512158879098911627597125791372
02231867796446000189409163636232768717378238778956784116400970669926233535404609
14099654154406091674960604937098084416448370398327184122740716147926417839665419
87166109650617608431254408643738656730398136012003292880382033776776254263126542
83836813758363337289332926879362507138969912947823984002843791696338654859002133
15816302704576125865104088624626208778817380494699069203182145296720074965216042
07716818769234803481970631166743209870066296767057817581643858613744125353541283
72822330011263388175384052431397944508855199860909297129072828780625103487575678
11476835671005811044769671216593007846696386827946011805397119994713098396242188
96524848233001509744503608591038055919619199427785028561692548643284957985148480
51003341162266867833563527611490915221864011333676431963564979464836514008322101
04586923962920800387767797376428342658166743759581546178082639305030088886192188
74091901230338689959692633395008415457599320471405899647017362762638683955806515
32351442799767311809952614246217458110083620765026231644322804158314875046690725
59515568261487509518857202985736438035439445473963274888754923143548858393886772
02966141837240064981766966030356343277365605635456068186394256393049759838082495
56993707145988976851843225286630561442524693984578633233615161124644284630635832
51320996925959714418283384228828302055971364698025025721622240081045019526674155
45915778970988558087119816980204036856935591188198653233800946230571366845346381
42597620355894900791699122925844580790973730326301388056545487441532869448852378
08291077662309864796250352671080855272383326285098978992939896736923689061854647
75904604263283744650107246975259428138495756048401114934943125055261336819208920
47281196845258080616782788914833924541960297927180395161109305191530937289889320
82607540927726140318662020344980681328990392182796006320645154701769293894495025
21994145946875698718987769735114144148549890509486026564915294884564824101846059
95384621892809130164778388482236271087670601994714158562603402305492213149428059
95480730946416550662620538201328286714594122588391940216421224248073580607529050
19685585037221075231420642638964000197868128333479348743372509755838767818487554
65195380031468059001396140459453881310059706987613900269817896584691802516763438
27441171573720658368338948202313261451812781535907781819968430840680680748113323
26812327756558591560500255390620958245818218251643385452486904098485634136003623
01808171055738135762407085001919573077045014439545892155299641271461543041407929
94622908235417060355539052088161809924451142758380205796571022105135946460073678
25258812517757737846789773883443227804714454455604118839683765249167022461689048
62926842378097610227491216054158905907270785215876518211749848800759367312115087
26140845826416473809894715153445754008953766422947723707026397812194479777748919
92704320048028279265961608384896204859118912237331555124322507430714103800668347
58525720966443072968802792836697468253456342539768178659173813638151927692498624
59610756954074682907259897845068146331618078258801636242938553241054398685789841
54544724696609468668880981582562066538355505624184732850183719672189886218701800
23331121135088693452203205549848240888868415454936163844722448240750665585523900
51321551786869219903725117160046903989909549767205157779015085864399552230233991
40465196633084772067586147229855069501983691861659732639120692053824112163616302
26400969740098362124516395786380642429213490981566256588392623047409347652191323
94243724927425261215489518486138410145440793963357461530920006482073781716048888
61211348613572457226376298513691299670340479955181516069536900225101349743778271
35455719075165089626061343849000785413379574930749373336224089961549695201277578
66930505313489577580964564442354561786765040738843679583978905620595710031900221
01219837688867770715076008885631328057782138978992234288882202963257512127651318
59182054770495706512665483851167427125746501001651813249451770642773947109388076
97462115430975368263438887515084028170878992993223315056492641431788611984038914
46292518255406512165311601800488858091750164192079733581928853763565299271789192
08382329436269517193073727730502848976060864225779752115222435150411558202828269
88086570992984261417948365574491534031757933944481425646667178641568241131105711
80904981001196005683379825749476830529422537842950049542608532071517600519486506
29072270674170197510871704671220296775042133529608107224262402131647492832688643
90839745027194377157746726411922668813364067670055403461498128613181112193275091
01045357433222604954511001424635370991260149656887584416392402869854103111156290
54034225204382428392943957309683037335706763702462628831888181385251705430388558
87743274882278928452448048511071535478865226953303287040545381917337700743406324
12966610359819887207799383731298511864395914348657774241936891734932589494994240
80534374534578428753632086811923391930497052749206809259955621402533978114434121
17072202329281537995458227186596670136311708346381519466781665339546203846995325
79081215068447957126922087710648146675611041048223242309498418265871461173933624
87525058757049034361913257762026279591210054728879483108262271845253099507516158
31752876882466033178808600837640831936973758518553277361535920688118429310394358
30412440102434344384346903832565740700571635218775625379554146706106995231093332
40479689448259088250049847315422058980606292645746166209568654403325398511042597
93240319022228915067614312108071751725705729041608591261962572475282072991561186
14276166249887718752801216337852892478822211127542289919588784566900249525441903
30143583659543900688546949012391335472751288276784692953351670545912061698574603
23487828918626229072753173591222405538829440712253115326928848373890261020932850
50691720502677538208527093153739365110426073716788731401630550848047980515562022
33999730138590777129386764842405492739946090832382418423079804995431893719493594
10322234010311712180798347290932196107610365740230820042027942065873153446739635
50495105027141534729670319724484575403149711388681431944921061669500528208909283
27865106195319121439782464292027740939488387025121255293687259747906681816970173
96529812575756001675330269575446530014445246553426835558197302293591919820412467
27304293111856392422362532353554111513557667678988134247724087936956312959343785
87372118843763947263881403041978510289609079555157950309829373287757261519133416
96035577628450844602891886073168172524510741448868647426691421396835465527191507
97406752311941597398313510217286360680660309593356360299553744233435978531809329
70846141441627719974792572409263189468839168772421157785448424466271556565296543
31248254741282850016440354310295076596019667811188614621070530093199002151066685
55042148465304643022070071692649355934783517593208106217492978994272014697822565
06203727936992768515581031443124632513736475889607820369694468729099536992599697
72210214681152253830382526677462996753848712152587816828547832712715129838064177
04777765151016966144166242667089055917184138122822038870728486566698508401550473
52038833034975218050468505210509958465681300067246994235405211370122611925326181
83423247913751879224833032035254690072100217401729218183189556359827579040594853
03588410879335179596235984214256968611539840541329320069176191782804055776720094
19449342231965855596721022805146374472428699464178660197126491187787335922935522
29865181723470866387845428570939844084618891829473949898299512254500261208455094
94190968122722592585039771292450832692247512227052521273945580309155810046913932
36319842536888094665073846079109975566233223814823985589899241880970349915028677
75314158928173456274271563162619347532927149278636826268932266568426310308221353
86899192112809743600317093468569927987390367880958516179391230576934559181082124
53173544469372463928142762283225519977081858600626390925852106557815139156845371
08480921790926898933965959884261446565481607455649760380102880007388257831717433
97601899143553491334256267667197990610199691163996664595931570742420114965708628
91376778726343239829652383229368149010126407962181206490426355165013044962409574
51442765320052945618708814994705560536892757746211688683379494597188084960913853
67029268739176385331199001156657320753420490576490657311971314990948775174679523
68726202163290044735698892230048718648918736157316075779740877371843059478816987
81318378964705106977108329504183790021501180326591555186535409468563648954620202
88552201684208006088895846053173623324553672528221618034019085059186153252669134
69359142250070936425603071377036461903088842048541112315880273447939301391229856
07422489507476998863822917911968786267003339047478938247413661836875730241075320
96899445288775574757541510568831379425817519902019346848152413013603339132853947
60913923688620013109749870454792039355461845705310008446263100269615941061230107
37030357221904497182982282851559108494234456548707899517594011717732167565456399
39811127089947514892431657732757412198406334630103000001181094729989357221216498
33301207730579382973429805132208396161472349238254583720107685852478967269025374
67286257738981704920421283278022428386410159113704094052326394837642210983555889
91521977459806524590513849831481390027179456817416946454568374098060241937543686
55984784225864479995995951113349353148449012999217697331905161309918823751700663
18608182409777001841249018853673076200773904498515344880333474797306442829632792
51133826248526620066741258925817599614779171110238014962417055694055713145047212
59024545317982675176032784828857298038104730590932160286322632700838077857178507
81903748144401125263902636251612330601971780601752064521775772186037859774633367
21691003992212344439430089517044256518177565677778575823667434020644145785244135
17387728963557121743010174200985410740866993264456073753931814388213532686771672
63965267181648580221445319555441873146745781097866582915157161197755026756905985
75536564743981973700307983642605140600115035719172369117993435180341860465026486
67071205237670887692218903137171012229023050380176022805301001772237241722333668
41791214773295668208249731447993738807761393736395668887084755280010816378902162
26143157348299522111228402427804435545420604520207466519280491301689719084944538
05436922290320406534063217629758882357791796957594471029514636575498072569941839
02123522280610246071278705440543968616075024833128745587377832837212714627482968
06227402034825086468398284602736303615213832915620921658093943576247946841489768
01864358084340989547242430057820657620091336292203034355920316348230519075795551
47472180707453861296254259972209426500727450632950574417154184441166647806221318
02515087064202523836074012423221714886638890243433717794436817570808655775765045
18640654586033016409477485845472020837728247271936926934313610642917265489533953
64702418881183508463239881972538781388193539638881624130938738708621828000185320
65782874660385002906327080055837044826013533914763663478716228121653974728660067
19797808867009363950798889108133242871431143524140220207879930717599735033372473
82632436167802851496571939065990431218668998767410446143072901413466101346248510
88373635428776043158888359497644505677222578740231970501299974117964256959851036
88887104114396282131242514677511716107141736814137693680132941543398345692213848
99839136975474641333419258318378433795848147288715475219397045836742325431458458
46091851976998785663455947061578530292020107440861523094158392948570905656280578
56133212991939959894336302124856341211790476153649367539480073572848168116028397
65089019110935199522778558822289493445068597624020842369568456857463052094461670
19241883205400028131652968705926832640238889713192951258094025861853396106111872
82325224840660271995621769640237362888449512731432352063415488142666187477341642
57611116725367693980330034418928507386452071946553441613100319030587653545285035
68066910836451012831270247020476747756691258120906976308923076722410843277804738
39794821184203906880130864048787510254770523184247397790819856695962408221393707
77177014848517143863401880318204813929571370116293513773653340725062877376258559
49889111003069130234621874569904788030595175571399003398957570588221356992342918
29866023849505689933678405313596223193746673839795743161138619440000598162213964
57184104301365604884924050149843961473740609262350934308362696484165079346139943
01650550473699088473833769598916233141835146983208981279057849409676475714846613
86829690244446414351199161685289835845993227967161042309007089030181560294677261
34155602607370097034060843209781386049402430832445135976600771098451572219599451
35589795188656967176860291091037056991911622394906316169778003384850104762151209
39770128266298204925559186067102287651029875827754436229910294750158199177515410
50389117058391049753523080696283011389397528589005341634674038793693846276310286
32633099106214532086372259952723835713736453408833221233107360218563640684920668
78981082071207755738995960887628872318386327363750903261521202282424052057151959
81860220175506259568577849674289589001436096297158284616864462426551149015583241
14701163962800667119105402889734535958828780333986000560998482085633429399205790
15400370122461177335142572714021237101604373458929333236584101866230794067276339
83621224556679066645919791116042671878704530544115113977764294634746421551908599
01311943613009990683216739149026653854338288190401635400871620930912274002656719
43761594925449917516664969549755728752698922695763531400679190091380838774965633
00899128452881034924984034132092447893061302133572946314417554745566388279777033
65560519230980588434290789091529968113717446312982113795879267087963648659258747
77742280075533494851243412912429213946292930966247059121463528025142543874859107
25637172682724580441346879118591947325126025590011719347682048605611749855898064
87093517088352889537849346099805237004939201355277455948412112067779180682159754
37101292948870603036256781875512782854126487939851161404883726347785834846498467
11496851528227326061129528336713260184511275005224698179861419691951341300706957
35397462497221638390184886332053602000410629529676664593988237913918254397081256
51020379808440545212863591366846527841510266986520496318606628312646497695483306
94311433423268444457604093219802092151340784142585738780921027195129330340443705
66026839626707502490682447545445055265697324723710007932197306568387534708887137
43677637875132281134851226162394027784897061789466151373413658425063575406692347
78420444009823517629284507460510585594405447542331360807749150358638378966738795
47906053979970631200653223154673643405023746087141098913260551208616335951710925
87202173660518412393505047702049901679906373920642646364762652980204733883048414
24046532317549838604251826764975717317085526379140970335282187149938022866651158
06171496798701565466474940225106208071431252849621594345332706874950817469812673
58471643544432805356579785862504077139311522834044208472911255777869717536329960
32428130906305186307812545501022917106888071643795156238760389815756972489191384
13632526023207697274664976467932078370931736870065174160475917720212053133437587
85310214608182601191539614330704228634113693077478501252761592401180864904726056
92453006880486578888197281286616759147784689402619171851806712239034861805175544
98337971977283715062753574634366737361288605339455769577813238376050049076938615
31297829089809009868648298370157545383276369901106215416618936456567830937797285
64509981910396611602562005622671592527718381412032291420367429281041358767273178
42551567290995158994830379610116413890073334037536812977729426967561246935830544
07254087102725699864004313341379813476734499243894631191958206022165421845204605
69565672072082868349719620214822498260701480964234823930471384788732272790619661
75767899452772713644898727938978905034890974796928044139267562076694323761262999
68141116827277889304089207440883422278426219048456573355840162750625627674779876
59040669625460793478148435966925258480673863385673157020377256339705209153062401
58856284666250874346241233236659172399335073739678878111009356834956340797376312
96156702413700378695056129356819680402808304396044801184236786267172616826899757
30210944572815941523293092529378677541786604421495349611069151255935584549270531
42652689026804267822616764418543731032734031728541180653275575420724477403620902
09426571080693602469159824709380764760976363564415943412046657021969470389275682
62870141801828381140791669808801497955140023992816660123402152134251200274707642
85917467317158968690545324775145827416698036127739915586643051840139781271185492
85683808376145973540436443509249061379396616993438992092078773511930885977878214
72180212346780551679027372866328770054101409629019979495611986796171034661264222
57983791369666812840544700179577235526773177525783520210667489361075625767838552
34701607082346049058715535606596823045174750867541715562609820179778613378760187
52446586303198594229224364250410942145304523586113643243712216243470072641702520
08784921919025051325543767198457772391126293814145628785258658430433214707225996
22070758433627588306290719647735780840218934344362171049359358812902457373816303
89730813139440756838674988963877324838340297061474821762051007649468562894366728
88270681058163582217470167826840398376047809698800518731289039864081605097628813
92017247023581688867893773464013918069193658767193577053606603841201985179268956
68756717843856680244701091424620537500303449820776584213531107363184495553828400
12956671340203135123070458739583475922977818329359555990783141925347459629336781
75627763912826175187231371189749253621658725530598817079147385813722544378991390
58303833730463496686130571424844546074850562586471220163822192652450413317846551
60079811831316212439452397661544699390182764111144526490587897860587068552921189
88708901227971895865534647243747178112073047272774211233037507559412376762239621
40320719379980933775088649143616856641828171967692289045699471616301105959055961
94581002357151983910098994844104238321286487629680940329880079882073236068230764
34596030442084621358227892844169673906238145960497605233800552298221864358859804
56552175229162806964397946340573378837306975697511795306621443399305007185081813
64580949647501163317239450398932166923488523458400153825405365123847223425890809
80522742212325457675796501150800423330938309909958375297907950486866790976701203
87275245164727763195482097432042232400406447246647865293796502179284153380483609
98652797269025723952989624455691714127171528934508436443478345751110638564841462
18812818271919775480361038187921460287871465325391553097801691223487447295198344
83806764909633556481982817718686227450164271736640602508003938676378509474545525
82329530436981234303094178737313760043953230357752820930161579778282418720285877
40709237970894386927364800395517704711933502081788404643973051591591351425215668
70706924886457693057921818019119394978410729889713695555765982192000055922287851
07742802372132108715463218496073936191849769090610102112589610663893784277686531
85875531025675910510537236636481009058782144086777301874198559064144414210372094
29795483327764740460777010693832181974674840524030638689744563408134524994697125
36788672818684455351683311974608463948319201180882456896369968725446699692476448
72695364216198764541815174141544826853893644267340848248285115610768758688947637
71661868031547184442532836743339185994236579630596620452804033918556858882434391
77260815422218280136493026463667819980146323908966403413949691166315885728694151
34799131777822813216443380480912973705154792033175634473146098918216630056235360
36047607896816454479031144362707227796715529118957544683411241545332380713402465
18696605033772022210928745726985664296034494006790349628918301014310298887501828
85138058042998903069394813159881809296800640276672156326376339786141772713464016
59472679395562571327826730975409148639792295916160230971620298976308094425319437
10440854033413686371620629907501794563119838798176013378018241064290326598341922
22766990713442635688548161116236973241383557300257211297848056362882891211746152
90109516684489305099585555721369666575526118694469734653976627037921105155884422
89460491403213175138109789426537848945237387915434378517017158972668828219641639
12619135360906350084371191388614791790694147400705517434504208644387995828155473
14756470983073544385788529835286815895999874066167340180464615288553122479966514
18555847416122142763075911327512415062479875491822156415156211488561461100404004
43446869113302555075686537123075708308537600987162637004668040260335025558259664
26044499767395690264638782090499939594675139446248795439433114029411201051620463
26013219303273680473248954130319093470884719734312933208559823920127451200279985
30942677897175018139435486085043603594301600160617800368121560570988978783075143
08343521863916709430679169630456450610060601351054854221944176673578407018191821
07528491772787435870879093062786849078635635436170988213439892128112117302740732
66794811346838870972874950279529899406816127281597441073859139504109764028333332
77510408784240601541410631233148380837899482223583268312060416345598422365224834
31669736839937015402765338829247125235948302996598227688628786945675853342493991
33906155585345014019448299405218928661048113952635040200469488266660765120522205
29036438982339715586061363860019061347690258400521140386237163022298774944860445
85048106265112090410221229662210400751025117109557457389274419978171331335739085
79857444701000555511533002918718286649888173492846943443728708037585702679030776
44367387493751714500536172437237059598045981240273552024616268206120296239707555
69500213942807836175370716555991339705722476106035112807316401573424428908478780
56027245164278752819508056945740309885709948429683026064955612011921533307609712
13379772111436858987340670681663589278246003237025006773906592264993273425516205
03236353145576028039699089538181081753098920868144577661985278616224716577155833
14821231142380749519169049558208373094920382786448772098005924822578851860585195
22615650980417006000508817066336884348304743427658105587796448910151463236331654
28718280246980705220136392193120595436928818923253038696978721631114023947248240
94872789764422717227653964455246030720581985003518547176830069919800703733928277
03232626953670809302546534024481567111006564435763576352891986164848566441938399
74846429845112524039263096035589980773401498916848118234641294219130968026064597
88172180762402298732603109181891354934955379676845810582193972246815365314365230
92536571437383990709867937876004135287773154323088712045041129909771368171430277
44093420164143980068925231747852496925258983389449692427149288676613727439596004
05028500342765609892798965866652946448947451700072614640651824498533431696275467
86132235828179429725762812414500533068297964883164592939830495033078495246217099
94272797050311990155577601601100367255088778813842507028270494413687433452468657
48266006264251114299124916548157298679591888194225461212536045309430632369187348
87429379294169965211892858039212976805082721258295425903902414161410923231762317
89891485026686702331565965867694644903028027281589889903568994323955643264962610
67940172951578110184966134850634797283315679238744055937312962278955605349419952
46647570063081890939096320670053012268060383069167442233047499018155248213613923
61398113189109957690306329344011541531587581028970358655374331518528966596306567
62228975949733488306213703223513464436284971679918114460941023059891613178113896
01455854064823235164751504893371516020393540113635089726485006337178964117080067
26735974288821134728403367923973697905745307896256157000476967564637502880870703
69191077125867335181193820002160313015841069577845106046163059271587423905905685
58977663075204867932837979211287297495396935968975659537851486419088012744656907
98067862550708605369315178466619289619935890111030354576707339094336693937467744
05317872463566350474023269088803063724661274673415326779742902779392613449841902
58588626840931431239849220109382318024201638873555153325129307265653853539838932
20697476929582739194480360582836731586798079934603291088792800221890677358397222
89838993269277552234507375452334377872566241360000201899808851258162466990432759
97568700183780510915643125655107589914459061460453019656500495765009795311218912
02561138403811186362678236010004881426058547929140968665561673277865529506241065
67634608314582578297658451429708890126887777977175786757547405473355803894333541
40948066415281629741875598830620959589925631663249986307436727614909873756802495
44638539080558668192706046297154859442572945393102784785047758396065652031362419
95759477928449741192865951207488911661217344551548261886335102645959764149744165
71206826700568561402709074828347974208691723928097882469033517827806840611707582
94396567704895554750795562921075929403872150312743998899426532841713389396599997
99748744023783172731744682138869111576635113675802921423031151758989390214046673
41848888866029367607186836405412406216757938036887115929484355860204432313299381
21582649773102503206365252646063053025240616596912188972299601716843049869253934
33612633439606225499263879060705084738889926599069996090574036588494133075457640
68901678633731252206589810524214322486324544030657969489177725963518059176212781
88321848656195193250920178616410626412079901939870807139871099578445041960596474
02136919146927892657533974896212302948640947442094209465354908845519828426910091
40303933859126959577852201106714643490789453646560169421788712835620450450393439
95376488688304280959871648723337195830099179893895948889355975378099111235442783
81421070746443542389706054123874455769596973630244439139169437320497701173622607
86880352688894946574853470722917754284620038623520288177998159240642952151949138
72934519216860359301307379504648806751440007606187534183280214139894385481525897
36309868003701602734770902707464538104945124169251058437072522096542027486016958
32565791030437781103770394675517308653660543230652950374259362848678252603259094
26159996450563201325733785794548063051587779724850454175409104101925987365001497
97644296327439393516945847277341297039234354644108911561300831020701367613660313
28689242784856316290833637108176608995878533664842794846823681264441285325990469
13126994688885662197207848097358247453694531918414506471439573616210180235917558
90844776021097922716165739803503825925340711459807766446507173899063699146994151
44834990163353072934901299426730379010972145991401615904870494569896591634710868
32013353009933668951802873330469265283631520298101115620634459621949855723319471
49659429861498186031238662902225591531511247745697901428729144071467573690844754
15390018985423410239567188821910961905517867354363038446629454450940344724246547
24568096317788952226209754747432700259346291273658194024387768422484271350793478
49657127631240635345589130674386589966808778382661074230050481266129240548707932
99658005555805512156402203638479418042021828311192544017347231033259565589824923
23869361844589682269120625521385175632082525545156366208413598949062496997517851
34127566029450281553500973981802234588007551360542223955876806752935635394816118
90836877919845718092555431638760569397027119840825668924109699020250187512817193
13681250659406378274504020684527641839043570310309464817694197690403138744254202
01842633027423547702607882186289471453890846825758664966680950760613200855721891
36191442372836620048250433892976225188316325568472149434269721159540847103134713
79231369365143683364482665227691947471645072823198158585098911516081444655273074
26064134132983433995660190304232193966285531003894834598744308249502937497615927
47641012531687211813804421474097399231402851887433815367008085698720646535030361
60945247566959289728621291205387069457742484152152674637101105375228987590637757
33647020720179970174715537313894191450913063253949771559126478964301025150856940
62366256841627758906800816107294689589966208446668362142418692174288985923408689
76212958784572790241919834378411051950352598824363214158658508049104396903595620
45605323861451524411835436232089555724287431464055610499464587216121910971248722
41918509198629208486351181358105388921508769947496370332302950947127483950708789
00112903704682807983931357861580185911800226128979638350044069515675496290493000
57802163216626527220084504503698089732975510435785366405642596102658394297660279
21651832798252679679091531794566505139705284712917457367256684693476698617484214
56990430080121714286024846677125094101478618897897451222554232234960265140334917
61381307064381891253732595594544392172549672043240697168834678074208498129288257
76041132452902461903463414446107350906525132057695803494779613782679526968924238
62849838016895045763044574291490732480260609846280372837251754419413326059228884
89854342893482946731218861841060550203717189633755629939159265965195876052555268
99184825317539824690508646121085784243286272442209591139839823620170005895322176
76392376927829349626005299739841217788324127177734443713655765078167318767680186
00962743915080777400793287257365372208340875805146563868151569067304417164347018
34299929793080830178765391049388309238498034881255288060320139379599652219536219
18945128682437715193910444617280557128206661638663698874062946230668939736353558
43672463010658248007327591339156424740610797471404058786149764732488416692123435
34719003211774210326631144913318011251770780522098871431499859677137888950141750
47358248980780611769815779872354196764158533794888915584556536897862639120781018
80738077306191991922375490219128922939454711093498481473272821801169366239971905
94245642146866146209151943408110020869618437112726952213687044809795140026836702
79899882115914387063086894177525453127529129799087470535858033682873483726082637
68416173737453350739755613821276948148685124912297063859362117675543090870817775
36588745919444311415235510380058787075280181944443296260811650888530020939607891
95988696307051852835579592747706420244650871216936258480957275197627469992949564
30601366668055723607023537378081278266039834740570601359226167507091624437167044
58963843480304577057612124509840184007342061291650557375078344978881015974723511
07652305035330832871414068703330097323438664387766632089266860188248263126560999
69185115087569556651057667573953139316687012769933338685793584250526043306256132
34396154933515152224105467790238278883443056394926017196078564698204133973340364
33470922984740403229509407536365524273572194294184618902179775603628802627451388
62832621556805593947309201347996535307615167101423680084703629381701718829677799
47390472286242424069923595290422376634166979933458508244562242350286461493513545
81662721881136112293491199540587182239938453224855099026822509816664067998504658
06376656352778693090870468024659816750325102416078407044867371170263458583695769
64411251906342104402219547757139314300659092050136784518573379501734598084706576
75693080822232503771613950333141513340724722948583045740952803103793056577254479
22079278812084830222895273244557815840514851810551511817326174996366932796847111
84087869468287425907803614678300792194781993302945952899955846613440682793571630
24779192031611017795417644099653356637840406909932279503115634689427432173528622
91148525601509114748632484213372369879551832049690684247977350714018390616902075
77006584364464570657230444504526252865380188035257432519200180231987056910712295
77126545610946566198129870295576591271155877351098780327472480675253656445367408
49746190677110174795423863538376574578331058728045467446207818474242024568467891
78204342473835576565148676565446478826479360289669392196573383847319415795205208
25903488675774434260125374180462576792968716147713227519663229933151628655426647
35530907001840647636635847218731578073405584198342933433373364038748414773661724
62378974448357106053126768526602902008588019244945551819508043328826518893352575
50210930302708244378425062035925080401090135089719257482833752057783809304438998
73012409270125832579859497534296986291404316703124206623637620604942669886009532
53737551489447186898492832146148713388942858216027481666446298873851225118889725
91892921980870858267384417970614542663822126250278525808920526022962870266394678
01097295932275979792955373453362578601947237057816708484831464393116332539749227
48659815259958525819734250810915304062115069571187605384433618230179333169922803
90761009187868201802276948479206445753653727702371746459151442082892751777329416
60208655758184560866708028148122054362100326658166620689855268766260080071073583
14823808956573928228622376746039584294848981143391797821290395479852151501387784
14008508888428121697997037360794984016145630759530248670983363178757930187916065
69787884582341015054999371672003141784127685551745515477065704136493994843701679
21236846510881420966203153429475710644769519808119736686107364907839058461432223
79216239259727731398124406128861440257962276841495303369234136109933205746407628
42032045691475862588657376881545082500070973408328333932975051797715549204499058
18667482741007683080766878002721825555131305391008030119776684416403948508649351
03856387441479652733757001031320777410845329421320004811260133415745319777921485
65273054547230161475740076184073135107088516938125950004441213689269213131790394
14820438906089612802848889945434657015337728607421752296445352854137717799220884
00602808836824661562298029520337125096113969588184647323599732713138533726918290
70415963129804067638295428013686215746944672332436187923059152148323988842743883
99638122365649320722039006575932655132717926941223693260683239987868232090985795
04142545645666971944141590879227117488873740189218314353500712749691553047678833
07409163349214761861681816265913716895259102935079663223734995226758818049229720
32064489927870086157923318644052395414807354366709822996913076500548717562268259
46875408955284279968199253798291970962855032649713385563225286592850962855525082
45320646831122259087028931372990275897409780852058044017558189010446808842936921
29190374261978181157793033058814951969689447781386085270549698780508109570899012
51423362208046381186700087717691792977725906080838791618557250714427304415430975
96862194561716529115462750804123198595473063551645879351384160566291304906360311
69166959334671049933927975236057746042020841215595647675585759536168426228412732
15278970836406580018681133593829827013853960553901200431113724337095894243853675
38160570568987100085618933876652933108099473332205703939501260121174754285073196
76009785408295568877894329773924947737565736770962260372338851778155941497894924
78493745155704051318267115734001608097206770410325550146839139596218973170246694
32069457224379898315228989721892436219323458623888925554896862632468781085646769
83361126545430245034439009191917192198494103033900875180042497966437850982713806
41546520362912113700894168113092540446163725907269065375789602145006390215952017
39615382535019595227498812180082414355033086302260349390815453666260690766518559
36995380622585851650914020787099008257969161119675301540391735012506829464630694
77022776628306624066825190804354562514915331518964162486790389527359730296218124
48335133099845368280106888303057284762537620748911094039594293206742199749039831
56600408762609770542322019399532718391972869787058449035432100046692882356057033
17671399208527364265149909246353912962053459938628219819103707308360672129844755
39379809398813394460263361670516030350591269673529495443429386526368546615991044
41332564474198020652401115768273715421074528560057675838149282562550369575050174
00547827301228798447661705334797713330997343169112687100164946113540030943378304
73797963558924065210798200786180840059469148371753751172486940075394868916138557
99656055064776056332404471001922459770335045079166180393748867827975347652761011
26398807941204782462421112054643935390491855532666859923639897057220992707260536
72584876500555962671883356442314619908031760970914955536036159390949913863421496
09590823560200709187032290208625077752505976563792050212958135177564455044742493
11830373553611727072513101001857646175949553328740029743120081044599568660003939
79501989247307164149206193122499311919055221376694753983659554822447901332202203
71016700451508502474721753589548844617589870967694443447680166542471659839470390
82781749802940121372048675946143635374471686912983231201297588103426387087150590
19128172242544209895285061542102033688466568318989665962814537988034567665414880
69680398157166307029769272885529837318112441834758653928299000215549938719550509
20571140200474972204576578753402841384777800912793464002047074876038271260805440
81538390553549732463077288072078819628840305629510949130740743924481530124853464
81729958681445473522224733593008593005395031791976355440878746614304583365486086
74876937293651051208244845587778804019542058327763662829569180149684054437170428
23188645369284529863135413562616746345967916312482813262336317537915211355025130
39285360651073344583086599419808845337483717165425137565027734050098546673577780
91639053150804000625090830238857727639559758516553568098827397273561824099034547
69401134209706645253332077723570744056590806988395473675471693084080805689263766
87979456433779577536731714090020268816942448737983342741039046482632872504525198
83214189995214704173438622601325818502044476764211430025932915465876892058014250
06706005966955409769871876576798966626335859136327588541205947058780730370644599
73387167636534017126387462233917350013881483490764083616262752906337362716025054
03320599567284931873331728053810648368332549201307938267233014179803018829947556
04026133833151061154803408469560375917357596742618325411935332825863194841688111
10694344505688211681923705320372156799889860954282607601667841220527208344228352
56899679570049533980854380248177325974459029242225864222455515831276611905727386
19391497905225534757421992160607034772626808372233403488617726309407984519788965
59360131808327529625374166174648331609829674030113716731532411519336651928850250
58244039548984791367115264620433583837921105060673970873600540584907009144503821
03626895491660020743916982949692206568985552224805982864160287418001212599814999
79205762413192982198887242862574385046317368677830847190336041872945903750118177
92473330311875732430751766281703774899476944173093023455097351440619616869586981
77785383392211106512972897599141524099169844218497137508433389185510099874825211
91967211993926884075865830911077609441532025178258157013261011768025005482156000
43301630797961674470699339520171909425430230409751842400084744386932047338059682
06539864717987992073474534103511580657608334053057265999809046325294910449234177
56475500372518756611892879631857711660816527969527184996218791667134617860497357
12484704856941919612425426756918104931397544977403977700554555842208463729241349
18654585908284814584680543044976024665291987380043619093651037067153740711896076
97897765144211510665755494556229862841338624509437043425769826441270994535054289
12068217797468055442102978794041472329398237144903972393387996614451171582868923
90305155958791575089162343074859457265722022418824579435801749205672924371721252
06078834367540409716728363949176790260395926958507083725589647796309669706364739
00914110201553863100331414652335017500104845909887980878863551854526091319604848
81911664636798434904003961503132198230041281280986851767524709001206660387971567
84987229816840512658733135120598016966581274451900113943858058054154200840928516
50243488176918039240843432035581398456803171326520225645865999266897712639490577
15837306392575188376145085523725218871601954209421150955319191416676830370722880
89415823708843308260780301953804211181292598664103739533747058382042368693038975
67810300935505808421383288599332688658734196261720825822303033775417944309572447
30724001216048974366214974421863580500431675822512700462754478360982891000549424
38131505751292479056258508778896235964602425944393087958360128323024577267472303
21920073839665230434200118248472847289817187470613309232719212207422869730472108
61976300661515303279855791329017305032354249129424669336412845521913104349550916
39524569022463394758345921921692579494446228103041569566062812230429342255503161
06977129080550027176560111960242277933408468883091649672338825436066269955329085
86615679385507610885800393499011345786202097707819466389387882959353118764499225
06251384988197604875294635261945333884684368352568925107142713296091563100588267
33986100104335785265801311998301228545666957108396578436778431875927828373031256
49372074018763963266415884899820229744585663511490450692459318504032167636074888
96924265860360965946066988728206235122471575440488837980764907189744983246925246
65185776108548552271913433091244638511718067471245041319893483146690807315406918
05294086064968435165033593461493489644964314383974968537952558850322159192508918
14822416699607266409332739919654624649681866808703488854133780697811797754371704
42023169613172661062728897424894337534027819676146073708774429388129698910976654
25421372453638710581945497561935269096129019051103735577935407506636011775880189
32729196365786632827293240155378059073043390518770895546142917970753339233421008
28521325072313009551292417524444699364655653808566751532816286840952606817201149
99073138565150517960800030582620927873353505372251296431884776595769047471699839
22483405249939789959183164452713255926102489095263657496613993270186153367071221
94737344060954442509669224021957469708451801559708971866806106365511213019274153
17686120878966785442376929338055905884265377457181850639137473199274703793295889
16829923278388980370341151552224425636149422115074625850582658969226091174023707
38207052699818165370556222112551404818237022566299736662853915546490353903841659
90466300468611309501757376885107653025031276967805974055672516412530061958018864
63194458796779113131987768782981763568894846886658112173285928765109624694816253
25141834761940022001768871401731719760582560605956846341439901504760889354015739
36469913376038002390716201168799495393062563988367650021695000134477902853860933
86020248673450510324171580940647992013895092470384053409328226813199760469082503
19725824128002805290468331099664853906121465726866672180720312071568108326469961
55838791404553475921391297463405631488557409774030247600004911059504933838418465
21492489300692558645503051380583025933097797300000897339004871283148920944406500
30872488964266088099855205904303814472539133347284662282399281595875791019446127
58303343910974267436216036890151151178636794527644565173968405056535357828301417
69968463121844446701434552215983425216481060623740554320893815744293763600218978
51663102994963218989552508192914124712204377604419969679566228067993504430562567
55665250895926868070106499935547745633188271922940534723609834969700735746641128
70777531219950058935268469990711222954227750322485616275381308791699524162061613
75529023144573175804113655435028654195936856462346027968294578790456380399846431
91555759569389711290712957070016335601916756773009923535745196829051384984141572
10924543586323455235479524898141793785085215750564465985843351329365732654363378
37966312108997757710766095552537616589363163545460588301502383728059331165678553
51760777738035988735381761302654344967159105612588949602201374358733799425335811
35693313097634889086149217708431401994079589653889242688069729981986729469343850
86789540081211454456826180198843616408711325848656511932061934256866378794048988
64042953268913950058349172238873009232036437802938599658459294329960001214669574
83108857825151503349915487560679611047413849863484738954245503748554505676113578
36336490339385729548567467440387935482110328305023370661608852196287093723461627
94366224011608067457796408620633221516596764186958378821433636697544296888991950
81967978042410675187754869578395257733238376254615939938982861833279874416523550
71764885905780517934802743034838253220184639717734393829179866609011188461528810
78655118423181549463377487700598305252138239510054399152190184795719267367950295
46584703479220221647210572714744714310533067860914315779565789692541440999267187
17618451968733668127417119833109481565584651768461426782244909199045563287852332
02433214909197315920694474166320997047530093199449167937889549338739479283404682
42546618708824145944012526864338445525354269427074820708595700413769081189250935
18850639408751109491069456904730632447584436516956809647230027040144007872673727
14361901365536237065494855160974142593258253942039863111899542184300829731546320
69702422671556828988732935305638444073229486614163295305254990760265583260743612
31892011305668968164949686774898629512955704850387910163281887121621802766078526
89376695325216671449713388398966379952177926304969156863983158245032249694878811
96430694840675325101238314181986298224943292267315609558301301168924624631132489
35165257079853860498368182365590435021477291534382224813417085237174128331009624
61285804683108518126395755234027708456321999547507702492454637227664868931851920
59073539727766431649834026009178383616949804242450163803177150445136135606585189
43275451140330713083921610875601599907238369232695161602475771330749501809302708
09222922741786282627619425816321560193916145048312738594685656849752989404298891
26597720558889507183852885430745098895224900409160807449202294024614632699942561
72584981722321301486695329184031206888246159644181055243952759811986401179306895
96341018871718802050118683824475013556547009690602702658975469990299061826516617
52282188001089504985834424245258293445623865708366706887371569869878015506057031
79496082381410849171124550502712492569251177167175914776355841738936354943438000
39660623217772692116227562874963255370957723608667902107893143528499611233582783
77763675689784558136675540976476754264438429181848430346780876376443407782995472
12303732330058634247120603361753034905344280618812384940228667372575891460790505
24413995239867537254468454109346982718830355888192201888107821837613554633392411
70067605460996468495385492423714388527906128704835495150153149618251891785458462
40590805053310583246233608116643959552731247633818291415745211696637386604062623
80877610013389549669509693215481858030950865443493105453090659796586250927282758
80805167776233791437083771631885149337029723288028742182947863545703120549639053
85166630430285377125571494011366228796887836057449927557896568473209502834368654
53585830415714230154287389835302855322499833698236154413809343019017914973603210
76225100200962513828253879077136055522089348310629113990746673048109407414918338
76640652342083736358942414255379810576986798422617091764252356656110994615865275
77486024186786890575239038626376834236084103196860294356536703830550246053358197
35576477823694525651871087828918320680248710400296273166695383613933204100912159
53966168202887182658375101249676196878383576161466752860717690607000434627579973
20796949930399663929648744111807999581924669445119408416791951525062997386741870
36696823591272587719636953911752059528390518140935981982564339800778922525984184
49377323697433732916766907753396244343292462516224915187182277818574063303002094
11076592125619851739636222411390469330263619000110655154374493898816243104395693
95739776871105368036668826900089046311780851989992729844216904011278718814550924
82679344326067836436382293003336159145102753612735310636192381874412746906871309
92683522139211138162583398926359588556568738604761938895446958972580801824736199
78863890295305290304461216794072189665276746934262074652565810486571859031045974
12491813171791029782245136789551668916256424045032324753703443774274490664245531
74565713138881050519360281658506461981630414028665913680731910939284476411847099
58747486577283932206561697423955119386847403863697954863944262823579966897578228
78146142737024371758705910319143382439536433293479340219376941235097988862893805
61281788862742930677169479669093717914161230817634468051102180255625694884857137
63831364739445344387694930124781771619781102889352270914269915187721528528244459
88580296927277572941829589321271831688423307302880469038820123629649190159322191
90099471500220148739652349895236379387812730061652741776400970127566648861923080
73029701283861823863004881184758770917958382214793146676333833464115114771748742
11604035664586472938246054104491371544449090923679186195334344603147015313039068
67778922429226764395340981947068364455512971664465952887494238915517292824509844
81806388035540576994972173659542070499684508537479051007804329960629537954484941
42405902925319505896388243882705296449916875711513978747995449329303660101194042
44703563361180857734195747029141319702818028889122598943090008960478995187469408
50869690121022530929670125348801101752922241482728527772364038729016072955831576
63718258747486439187117613921392819726276938577808442060954218190376156652002823
34605115146837455423292518350718212364657071800897571821936472113122397305578873
39059355533939883832364149666224547509477623258399249645035013917807970680251234
310573051507257891191586312817582878606569471626989349
